>> d1

d1 =

    1.0000    0.8660    0.7071    0.5000         0

d2

d2 =

    0.4019    0.9535    1.2426    1.5000

d3

d3 =

   -1.1032   -0.8674   -0.5147

d4

d4 =

   -0.3537   -0.5290

d5

d5 =

    0.1753


